30
85
189
460
823
849
1046
1116
1149
1170
1531
1576
1658
2135
2188
2202
3149
3331
3768
3837
4241
4314
4334
4413
4799
4910
5181
5650
6049
6060
6091
6185
6446
6601
6784
7106
7441
7997
8179
8383
8828
9648
9696
10094
10292
10348
10378
10411
10550
11354
11404
11487
11655
11720
11983
12704
12833
13105
13177
13459
14390
14976
14982
15231
15362
15983
16362
16419
16797
17047
17173
17491
17616
17783
17851
18051
18266
18424
18904
19036
19247
19306
19687
19797
20308
20354
20681
20825
20856
21207
21350
22592
23222
23532
23647
23662
23801
24124
24496
24518
24587
25105
25128
25199
25484
25596
25721
26013
26112
26223
26228
26361
26653
26802
27407
27474
27824
27895
28019
28789
28868
28948
29379
29633
30148
30384
30620
30692
31479
31518
31658
32042
32109
32173
32315
32447
32490
32541
32592
32701
32750
32772
32865
32913
33001
33311
33329
33435
33594
33766
33968
34007
34194
34523
34627
34857
34871
35046
35356
35505
35640
35746
35879
35884
35938
36162
36414
36522
36885
37174
37260
37275
37441
37482
37717
37813
37951
38199
38487
38539
38662
38780
38892
38945
38986
39127
39138
39442
39500
39617
40122
40320
40436
40911
41322
41506
41690
41928
42519
42706
42856
42952
43035
43110
43901
44028
44112
44199
44200
45191
45280
46281
46772
46990
47348
47861
48093
48139
48415
48482
49148
49193
49530
49562
49722
49778
50056
50835
51071
51207
51389
51551
52130
52248
52392
52804
52867
52942
53094
53289
53450
53475
53832
53874
54106
54288
54399
54458
54484
54583
54874
54917
55364
55384
55567
55651
55903
55963
56335
56471
56730
57383
57442
57754
58155
58353
58360
58873
58938
58943
59150
59351
59389
60163
60771
61004
61245
61795
61811
62057
62298
62860
63272
63375
64375
64615
65044
65247
65359
65790
66660
66935
67182
67194
67511
67864
68100
68363
68704
69280
69287
70460
70966
70978
71667
71672
71873
71938
72207
72697
72878
72889
73184
73794
73809
74039
74130
74145
75333
75610
75686
75881
76021
76627
76697
76749
77044
77074
77656
77770
77789
77998
78055
78256
78357
78384
78645
78963
79096
79258
79403
79587
80216
80314
80512
80947
81335
81355
81706
81887
82120
82586
84477
85105
85215
85896
86547
86651
87002
87405
87456
87542
87670
87872
88056
88476
88486
88636
88751
88797
88879
88934
89022
89149
89356
89366
89373
89429
89452
89506
90050
90138
90259
90947
90970
91312
91727
92420
92442
92457
92534
92819
92845
92858
93047
93512
93967
94033
94110
94392
94393
94514
94943
95857
95970
96044
96119
96559
96714
96899
97189
98086
98547
99098
